5 8
6 7
2 9
3 7
1 1
0 3
6 8
4 9
3 9
1 6
2 5
5 7
4 8
0 2
3 5
0 7
0 9
2 7
0 5
0 1
4 4
1 3
5 9
7 9
3 6
1 4
9 4
2 7
0 5
1 6
3 8
5 6
3 0
7 9
4 2
8 1
7 4
5 0
6 3
2 1
8 9
0 3
9 5
4 8
1 7
6 2
0 2
1 6
5 7
9 8
4 3
2 4
5 0
8 7
9 3
1 6
2 3
4 7
8 9
1 5
6 0
3 1
8 0
5 4
7 9
6 2
4 6
2 5
3 9
7 1
0 8
5 8
6 7
2 9
3 7
1 1
0 3
6 8
4 9
3 9
1 6
2 5
5 7
4 8
0 2
3 5
0 7
0 9
2 7
0 5
0 1
4 4
1 3
5 9
7 9
3 6
1 4
9 4
2 7
0 5
1 6
3 8
5 6
3 0
7 9
4 2
8 1
7 4
5 0
6 3
2 1
8 9
0 3
9 5
4 8
1 7
6 2
0 2
1 6
5 7
9 8
4 3
2 4
5 0
8 7
9 3
1 6
2 3
4 7
8 9
1 5
6 0
3 1
8 0
5 4
7 9
6 2
4 6
2 5
3 9
7 1
0 8
5 8
6 7
2 9
3 7
1 1
0 3
6 8
4 9
3 9
1 6
2 5
5 7
4 8
0 2
3 5
0 7
0 9
2 7
0 5
0 1
4 4
1 3
5 9
7 9
3 6
1 4
9 4
2 7
0 5
1 6
3 8
5 6
3 0
7 9
4 2
8 1
7 4
5 0
6 3
2 1
8 9
0 3
9 5
4 8
1 7
6 2
0 2
1 6
5 7
9 8
4 3
2 4
5 0
8 7
9 3
1 6
2 3
4 7
8 9
1 5
6 0
3 1
8 0
5 4
7 9
6 2
4 6
2 5
3 9
7 1
0 8
